0			                0                                                                     0
-0.102844		        -0.0118881103844615             -0.010653727746103      
-0.200546	               -0.0451698126271367              -0.0405438403540757 
-0.30339		        -0.103235101181781               -0.0928165366494795     
-0.401092	               -0.180101008591009                -0.162244750317768  
-0.503936		        -0.28359162468405                 -0.256136415162473      
-0.601638		       -0.403031650595949                -0.36510272990563        
-0.69934		        -0.542661708706874               -0.493331216654042      
-0.802184		        -0.710942907477147               -0.649117779103108      
-0.899886		        -0.890484994204599               -0.816884366911836      
-1.00273		      -1.09949973330367                   -1.0142898979102          
-1.100432		      -1.31637094383768                   -1.2215945867938          
-1.203276		       -1.56309277292166                  -1.46061908634147        
-1.300978		       -1.81416270940099                  -1.70746187628538        
-1.403822		       -2.09508135964279                  -1.98810534438235        
-1.501524		       -2.37687077422743                  -2.27448623538658        


